FD-2717 8 46 51
FY-2063 8 51 51
LT-4076 8 57 7
EB-2944 9 2 21
VS-1521 9 7 55
RW-5733 9 13 9
SM-6556 9 19 14
XP-4672 9 24 14
YA-7536 9 29 14
FU-2341 9 34 35
XL-7193 9 40 24
II-4392 9 45 59
CK-0726 9 51 4
VD-9088 9 56 31
MJ-4313 10 1 50
LN-5680 10 7 2
NR-1269 10 12 4
CG-4491 10 17 20
YO-0524 10 22 24
BB-8519 10 28 19
XG-0235 10 34 29
DJ-9459 10 39 57
DH-2465 10 45 3
YZ-0459 10 50 52
VB-9322 10 56 31
IX-2030 11 2 53
VQ-9592 11 8 23
HW-1538 11 13 49
VG-2275 11 18 55
LJ-7985 11 23 59
PY-6651 11 29 46
KC-5813 11 35 34
IV-3641 11 41 18
KQ-2692 11 46 33
FF-4282 11 51 50
CH-5530 11 57 34
PH-8255 12 3 14
XD-7831 12 9 26
AC-9946 12 15 1
EL-6483 12 20 4
RS-2750 12 25 17
HU-6881 12 30 41
ZG-4536 12 36 5
OQ-8017 12 41 18
AS-8521 12 46 27
UB-9408 12 52 22
JM-4042 12 57 40
EM-3026 13 3 0
GL-2740 13 8 27
PQ-8950 13 14 8
JJ-0608 13 19 23
PM-2524 13 24 59
SJ-5336 13 30 5
IS-3397 13 35 10
RK-3908 13 40 44
BD-5782 13 46 35
